(ROA) Optimizing geometry with cfour.
Energy: -151.174557307846356
Optimization SUCCESS:(ROA) Computing hessian with CFOUR...
(ROA) Reading dipole moment derivatives from CFOUR's DIPDER.
(ROA) Making displacement vectors.
(ROA) Vib. mode numbers omitted, so using simple Cartesian displacements.

  Memory set to   2.794 GiB by Python driver.
(ROA) Making displaced geometries for (3-pt.) finite-differences.

(ROA) Database contents:
	24 jobs in db
	Jobs: ['1_x_m', '1_x_p', '1_y_m', '1_y_p', '1_z_m', '1_z_p', '2_x_m', '2_x_p', '2_y_m', '2_y_p', '2_z_m', '2_z_p', '3_x_m', '3_x_p', '3_y_m', '3_y_p', '3_z_m', '3_z_p', '4_x_m', '4_x_p', '4_y_m', '4_y_p', '4_z_m', '4_z_p']
	Showing first job: 
		1_x_m : {'status': 'not_started', 'geom': array([ 1.33485022,  0.11544595, -0.05409532, -1.38485022, -0.11544595,
       -0.05409532,  1.77482127, -1.42918230,  0.86050141, -1.77482127,
        1.42918230,  0.86050141])}
	roa_computed                  False
	prop_cmd                 properties('cc2',properties=[ 'roa_tensor' ])
	inputs_generated              False
	ROA_disp_size                  0.05
	omega                    0.08564539948749901
	Total FD calculations            24
	Completed FD calculations         0
	Remaining FD calculations        24
	Done with FD calculations     False
(ROA) Generating input files. overwrite=True
(ROA) Running finite-difference computations.
1_x_m          not_started    
1_x_p          not_started    
1_y_m          not_started    
1_y_p          not_started    
1_z_m          not_started    
1_z_p          not_started    
2_x_m          not_started    
2_x_p          not_started    
2_y_m          not_started    
2_y_p          not_started    
2_z_m          not_started    
2_z_p          not_started    
3_x_m          not_started    
3_x_p          not_started    
3_y_m          not_started    
3_y_p          not_started    
3_z_m          not_started    
3_z_p          not_started    
4_x_m          not_started    
4_x_p          not_started    
4_y_m          not_started    
4_y_p          not_started    
4_z_m          not_started    
4_z_p          not_started    
(ROA) Remaining jobs todo: ['1_x_m', '1_x_p', '1_y_m', '1_y_p', '1_z_m', '1_z_p', '2_x_m', '2_x_p', '2_y_m', '2_y_p', '2_z_m', '2_z_p', '3_x_m', '3_x_p', '3_y_m', '3_y_p', '3_z_m', '3_z_p', '4_x_m', '4_x_p', '4_y_m', '4_y_p', '4_z_m', '4_z_p']
Running displacement 1_x_m
Running displacement 1_y_m
Running displacement 1_x_p
Running displacement 1_y_p
Running displacement 2_x_m
Running displacement 1_z_p
Running displacement 2_x_p
Running displacement 1_z_m
Running displacement 2_y_m
Running displacement 2_z_p
Running displacement 2_z_m
Running displacement 2_y_p
Running displacement 3_x_p
Running displacement 3_y_p
Running displacement 3_x_m
Running displacement 3_y_m
Running displacement 4_x_m
Running displacement 3_z_m
Running displacement 4_x_p
Running displacement 3_z_p
Running displacement 4_y_m
Running displacement 4_y_p
Running displacement 4_z_m
Running displacement 4_z_p
(ROA) Analyzing ROA spectrum.
Doing analysis (scatter function) for Length


----------------------------------------------------------------------
	%%%%%%%%%% Length Results %%%%%%%%%%
----------------------------------------------------------------------

   => Loading Basis Set <=

    Name: STO-3G
    Role: ORBITAL
    Keyword: BASIS
    atoms 1-2 entry O          line    81 file /Users/rking/psi4/objdir-debug/stage/share/psi4/basis/sto-3g.gbs 
    atoms 3-4 entry H          line    19 file /Users/rking/psi4/objdir-debug/stage/share/psi4/basis/sto-3g.gbs 


Scatter input geom (bohr)
   1.3848502167   0.1154459467  -0.0540953239
  -1.3848502167  -0.1154459467  -0.0540953239
   1.7748212675  -1.4291822989   0.8605014114
  -1.7748212675   1.4291822989   0.8605014114

******************************************************
**********    ROA TENSOR DERIVATIVES        **********
******************************************************

	*** Dipole Polarizability Derivative Tensors ***

[[ 7.23810179  0.72849582 -0.89004450]
 [ 0.72849582 -0.06148283  0.02057615]
 [-0.89004450  0.02057615  0.05365201]]
[[ 1.61195165  0.75042652  0.38731931]
 [ 0.75042652  3.16324861 -1.35822282]
 [ 0.38731931 -1.35822282  0.30308131]]
[[-0.59925218  0.60269777  1.46440549]
 [ 0.60269777 -0.68348555  1.48023981]
 [ 1.46440549  1.48023981 -1.97438277]]
[[-7.23810179 -0.72849582 -0.89004450]
 [-0.72849582  0.06148283  0.02057615]
 [-0.89004450  0.02057615 -0.05365201]]
[[-1.61195165 -0.75042652  0.38731931]
 [-0.75042652 -3.16324861 -1.35822282]
 [ 0.38731931 -1.35822282 -0.30308131]]
[[-0.59925218  0.60269777 -1.46440549]
 [ 0.60269777 -0.68348555 -1.48023981]
 [-1.46440549 -1.48023981 -1.97438277]]
[[ 2.16032900 -1.75581343  0.89019974]
 [-1.75581343  0.25800595 -0.02053725]
 [ 0.89019974 -0.02053725 -0.00789068]]
[[-0.90938028  1.94346700 -0.38732979]
 [ 1.94346700 -4.29656390  1.35840752]
 [-0.38732979  1.35840752 -0.22654872]]
[[ 0.59964761 -0.60273145  1.36975770]
 [-0.60273145  0.68374639 -1.97369049]
 [ 1.36975770 -1.97369049  1.97498122]]
[[-2.16032900  1.75581343  0.89019974]
 [ 1.75581343 -0.25800595 -0.02053725]
 [ 0.89019974 -0.02053725  0.00789068]]
[[ 0.90938028 -1.94346700 -0.38732979]
 [-1.94346700  4.29656390  1.35840752]
 [-0.38732979  1.35840752  0.22654872]]
[[ 0.59964761 -0.60273145 -1.36975770]
 [-0.60273145  0.68374639  1.97369049]
 [-1.36975770  1.97369049  1.97498122]]

*********************************************************

	*** Optical Rotation Derivative Tensors ***

[[-0.03025504  0.02166518 -0.00195699]
 [ 0.01640384  0.10232551 -0.08295350]
 [ 0.04914918  0.02347978 -0.13246612]]
[[-0.05360595  0.04223603  0.23601309]
 [ 0.04564178 -0.08387360 -0.27119109]
 [-0.05471060  0.02638493  0.10791594]]
[[-0.04683610 -0.24876206 -0.01901355]
 [ 0.10706347  0.17248899  0.04338381]
 [-0.05262047 -0.08446039 -0.11134924]]
[[ 0.03025504 -0.02166518 -0.00195699]
 [-0.01640384 -0.10232551 -0.08295350]
 [ 0.04914918  0.02347978  0.13246612]]
[[ 0.05360595 -0.04223603  0.23601309]
 [-0.04564178  0.08387360 -0.27119109]
 [-0.05471060  0.02638493 -0.10791594]]
[[-0.04683610 -0.24876206  0.01901355]
 [ 0.10706347  0.17248899 -0.04338381]
 [ 0.05262047  0.08446039 -0.11134924]]
[[ 0.02182006  0.05395775  0.04649215]
 [-0.01735484 -0.02097938 -0.01037428]
 [-0.04900437  0.00166344 -0.01175024]]
[[-0.01737588 -0.02639142 -0.08862130]
 [ 0.02803082  0.12859201  0.22659562]
 [ 0.02947914 -0.02638001 -0.08332161]]
[[ 0.00201987  0.10134559  0.00451601]
 [-0.01372641 -0.12783317 -0.04197846]
 [-0.01703785  0.11132363  0.11142823]]
[[-0.02182006 -0.05395775  0.04649215]
 [ 0.01735484  0.02097938 -0.01037428]
 [-0.04900437  0.00166344  0.01175024]]
[[ 0.01737588  0.02639142 -0.08862130]
 [-0.02803082 -0.12859201  0.22659562]
 [ 0.02947914 -0.02638001  0.08332161]]
[[ 0.00201987  0.10134559 -0.00451601]
 [-0.01372641 -0.12783317  0.04197846]
 [ 0.01703785 -0.11132363  0.11142823]]

*********************************************************

	*** Dipole/Quadrupole Derivative Tensors ***

[[ 6.11352670  3.75344346 -1.04447057]
 [ 3.75344346 -4.08712409  0.01847173]
 [-1.04447057  0.01847173 -2.02640777]
 [ 2.48741853  0.17624641 -0.32700504]
 [ 0.17624641 -1.15983818 -0.16016230]
 [-0.32700504 -0.16016230 -1.32757720]
 [-2.26587938 -1.00332295  0.15367753]
 [-1.00332295  1.19465719  0.12545701]
 [ 0.15367753  0.12545701  1.07122782]]
[[ 0.13302615  2.08160848  2.21800754]
 [ 2.08160848  0.53791361 -1.18371508]
 [ 2.21800754 -1.18371508 -0.67096444]
 [-0.37108236  8.53979775 -2.95232015]
 [ 8.53979775 -0.38161892  1.34702878]
 [-2.95232015  1.34702878  0.75270504]
 [ 0.75995757 -3.22408381  0.61559277]
 [-3.22408381 -0.57257876 -0.05592713]
 [ 0.61559277 -0.05592713 -0.18737647]]
[[-0.65236728  1.76139217  2.98343565]
 [ 1.76139217  0.25297083  0.90962042]
 [ 2.98343565  0.90962042  0.39943000]
 [ 0.71597070 -1.07385088  3.53577227]
 [-1.07385088  0.22123216  0.01572920]
 [ 3.53577227  0.01572920 -0.93721313]
 [-0.10376275  4.75910121 -4.15608883]
 [ 4.75910121 -1.21327290  0.79097163]
 [-4.15608883  0.79097163  1.31703309]]
[[ 6.11352670  3.75344346  1.04447057]
 [ 3.75344346 -4.08712409 -0.01847173]
 [ 1.04447057 -0.01847173 -2.02640777]
 [ 2.48741853  0.17624641  0.32700504]
 [ 0.17624641 -1.15983818  0.16016230]
 [ 0.32700504  0.16016230 -1.32757720]
 [ 2.26587938  1.00332295  0.15367753]
 [ 1.00332295 -1.19465719  0.12545701]
 [ 0.15367753  0.12545701 -1.07122782]]
[[ 0.13302615  2.08160848 -2.21800754]
 [ 2.08160848  0.53791361  1.18371508]
 [-2.21800754  1.18371508 -0.67096444]
 [-0.37108236  8.53979775  2.95232015]
 [ 8.53979775 -0.38161892 -1.34702878]
 [ 2.95232015 -1.34702878  0.75270504]
 [-0.75995757  3.22408381  0.61559277]
 [ 3.22408381  0.57257876 -0.05592713]
 [ 0.61559277 -0.05592713  0.18737647]]
[[ 0.65236728 -1.76139217  2.98343565]
 [-1.76139217 -0.25297083  0.90962042]
 [ 2.98343565  0.90962042 -0.39943000]
 [-0.71597070  1.07385088  3.53577227]
 [ 1.07385088 -0.22123216  0.01572920]
 [ 3.53577227  0.01572920  0.93721313]
 [-0.10376275  4.75910121  4.15608883]
 [ 4.75910121 -1.21327290 -0.79097163]
 [ 4.15608883 -0.79097163  1.31703309]]
[[ 3.11729211 -5.90585835  3.74696208]
 [-5.90585835 -0.52878006 -2.14847995]
 [ 3.74696208 -2.14847995 -2.58854134]
 [-5.35640984  3.90256110 -2.46722326]
 [ 3.90256110  2.59443644  0.25254007]
 [-2.46722326  0.25254007  2.76200108]
 [ 2.83097597 -1.79815169  1.30210124]
 [-1.79815169 -1.51979638 -0.12534478]
 [ 1.30210124 -0.12534478 -1.31117903]]
[[  1.30247575   4.84108983  -1.31631921]
 [  4.84108983  -3.40832410   2.35233219]
 [ -1.31631921   2.35233219   2.10585985]
 [ -2.35358149 -10.69451523   3.96626815]
 [-10.69451523   5.83054812  -4.76377591]
 [  3.96626815  -4.76377591  -3.47695661]
 [  1.29508269   3.44232048  -0.61544998]
 [  3.44232048  -2.56675172   1.51126107]
 [ -0.61544998   1.51126107   1.27166679]]
[[-0.83239339 -1.03749047  3.94031907]
 [-1.03749047 -0.78021893 -3.06122704]
 [ 3.94031907 -3.06122704  1.61259570]
 [ 1.45396744  1.08812226 -5.68787868]
 [ 1.08812226  1.12095163  4.06364703]
 [-5.68787868  4.06364703 -2.57491720]
 [-0.87126573 -4.76031212  5.64725806]
 [-4.76031212  0.23901624 -3.99666077]
 [ 5.64725806 -3.99666077  0.63225089]]
[[ 3.11729211 -5.90585835 -3.74696208]
 [-5.90585835 -0.52878006  2.14847995]
 [-3.74696208  2.14847995 -2.58854134]
 [-5.35640984  3.90256110  2.46722326]
 [ 3.90256110  2.59443644 -0.25254007]
 [ 2.46722326 -0.25254007  2.76200108]
 [-2.83097597  1.79815169  1.30210124]
 [ 1.79815169  1.51979638 -0.12534478]
 [ 1.30210124 -0.12534478  1.31117903]]
[[  1.30247575   4.84108983   1.31631921]
 [  4.84108983  -3.40832410  -2.35233219]
 [  1.31631921  -2.35233219   2.10585985]
 [ -2.35358149 -10.69451523  -3.96626815]
 [-10.69451523   5.83054812   4.76377591]
 [ -3.96626815   4.76377591  -3.47695661]
 [ -1.29508269  -3.44232048  -0.61544998]
 [ -3.44232048   2.56675172   1.51126107]
 [ -0.61544998   1.51126107  -1.27166679]]
[[ 0.83239339  1.03749047  3.94031907]
 [ 1.03749047  0.78021893 -3.06122704]
 [ 3.94031907 -3.06122704 -1.61259570]
 [-1.45396744 -1.08812226 -5.68787868]
 [-1.08812226 -1.12095163  4.06364703]
 [-5.68787868  4.06364703  2.57491720]
 [-0.87126573 -4.76031212 -5.64725806]
 [-4.76031212  0.23901624  3.99666077]
 [-5.64725806  3.99666077  0.63225089]]

	Atomic Masses for Raman Computation:
	    1  15.99491462
	    2  15.99491462
	    3   1.00782503
	    4   1.00782503

	Mass-Weighted Coordinates relative to COM
   5.5385204856   0.4617103950  -0.2168137625
  -5.5385204856  -0.4617103950  -0.2168137625
   1.7817517529  -1.4347631015   0.8637443880
  -1.7817517529   1.4347631015   0.8637443880

	Inertia Tensor Inverse
[[ 0.16314362  0.00000377  0.00000000]
 [ 0.00000377  0.01443297  0.00000000]
 [ 0.00000000  0.00000000  0.01384214]]

	Mass-weighted, projected Hessian
[[ 0.00000974 -0.00000302  0.00000125 -0.00000716  0.00000038  0.00000083
  -0.00000585  0.00001332 -0.00000745 -0.00000443 -0.00000279 -0.00000086]
 [-0.00000302  0.00001432 -0.00000770  0.00000038 -0.00000178  0.00000004
   0.00000581 -0.00005090  0.00003000  0.00000471  0.00000093  0.00000051]
 [ 0.00000125 -0.00000770  0.00000497 -0.00000083 -0.00000004 -0.00000053
  -0.00000382  0.00002999 -0.00001782  0.00000215  0.00000085  0.00000014]
 [-0.00000716  0.00000038 -0.00000083  0.00000974 -0.00000302 -0.00000125
  -0.00000443 -0.00000279  0.00000086 -0.00000585  0.00001332  0.00000745]
 [ 0.00000038 -0.00000178 -0.00000004 -0.00000302  0.00001432  0.00000770
   0.00000471  0.00000093 -0.00000051  0.00000581 -0.00005090 -0.00003000]
 [ 0.00000083  0.00000004 -0.00000053 -0.00000125  0.00000770  0.00000497
  -0.00000215 -0.00000085  0.00000014  0.00000382 -0.00002999 -0.00001782]
 [-0.00000585  0.00000581 -0.00000382 -0.00000443  0.00000471 -0.00000215
   0.00004480 -0.00004244  0.00002503 -0.00000385  0.00000052 -0.00000126]
 [ 0.00001332 -0.00005090  0.00002999 -0.00000279  0.00000093 -0.00000085
  -0.00004244  0.00019948 -0.00011680  0.00000052 -0.00000041  0.00000068]
 [-0.00000745  0.00003000 -0.00001782  0.00000086 -0.00000051  0.00000014
   0.00002503 -0.00011680  0.00006991  0.00000126 -0.00000068  0.00000051]
 [-0.00000443  0.00000471  0.00000215 -0.00000585  0.00000581  0.00000382
  -0.00000385  0.00000052  0.00000126  0.00004480 -0.00004244 -0.00002503]
 [-0.00000279  0.00000093  0.00000085  0.00001332 -0.00005090 -0.00002999
   0.00000052 -0.00000041 -0.00000068 -0.00004244  0.00019948  0.00011680]
 [-0.00000086  0.00000051  0.00000014  0.00000745 -0.00003000 -0.00001782
  -0.00000126  0.00000068  0.00000051 -0.00002503  0.00011680  0.00006991]]

	Normal transform matrix u^(-1/2) * Hmw_evects
[[-0.00027240  0.00020287 -0.00030927 -0.00097573 -0.00409912  0.00027335
   0.00221086 -0.00261001  0.00080404  0.00154773 -0.00123004  0.00003958]
 [ 0.00086223 -0.00084983  0.00111836 -0.00017670 -0.00039379  0.00066060
   0.00383593  0.00302855 -0.00084850  0.00101954  0.00220516  0.00067042]
 [-0.00049900  0.00051019 -0.00009218  0.00071527  0.00009784  0.00086568
   0.00136361 -0.00267376  0.00012491 -0.00365796  0.00313665  0.00051528]
 [ 0.00027240  0.00020287  0.00030927 -0.00097573  0.00409912 -0.00027335
   0.00255626 -0.00234504  0.00069995  0.00159246 -0.00103166 -0.00036430]
 [-0.00086223 -0.00084983 -0.00111836 -0.00017670  0.00039379 -0.00066060
  -0.00030737 -0.00015001  0.00040011  0.00048291 -0.00017451  0.00551519]
 [-0.00049900 -0.00051019 -0.00009218 -0.00071527  0.00009784  0.00086568
  -0.00008438  0.00136301  0.00548357 -0.00043810  0.00045932 -0.00041408]
 [ 0.00316679 -0.00321976 -0.01568957  0.01548548  0.00067292  0.00007874
   0.00387362  0.00027338  0.00177222  0.00326758 -0.00023812 -0.00292392]
 [-0.01350869  0.01348747 -0.00153450  0.00280443  0.00010297 -0.00796183
   0.00645566  0.00614201  0.00023524 -0.00319134 -0.00404420 -0.00055471]
 [ 0.00791951 -0.00797716  0.00146292 -0.00087769 -0.00155284 -0.01373893
   0.00507900  0.00135502  0.00154240 -0.01150288 -0.00784061 -0.00029020]
 [-0.00316679 -0.00321976  0.01568957  0.01548548 -0.00067292 -0.00007874
  -0.00040231 -0.00300692  0.00306080  0.00271377 -0.00269397  0.00207595]
 [ 0.01350869  0.01348747  0.00153450  0.00280443 -0.00010297  0.00796183
   0.00114562  0.00206838  0.00183546 -0.00387909 -0.00709398  0.00565434]
 [ 0.00791951  0.00797716  0.00146292  0.00087769 -0.00155284 -0.01373893
  -0.00379976 -0.00266577  0.00406608  0.00740682  0.01143657  0.00039140]]

	Polarizability Derivatives in Normal Coord.
[[ 0.04718401  0.00000000 -0.06400503  0.00000000 -0.05986863  0.00339315
   0.00858783  0.00658730 -0.00258563  0.00111060  0.00493349 -0.01004116]
 [-0.07287897 -0.00000000  0.04848469  0.00000000 -0.00653640 -0.01222863
   0.00566972  0.00434964 -0.00170881  0.00073448  0.00325626 -0.00662968]
 [ 0.00000000 -0.03755942 -0.00000000  0.02668832 -0.00000000 -0.00000000
   0.01155188 -0.00049235 -0.00931607 -0.02476669 -0.01798083  0.00038205]
 [-0.07287897 -0.00000000  0.04848469  0.00000000 -0.00653640 -0.01222863
   0.00566972  0.00434964 -0.00170881  0.00073448  0.00325626 -0.00662968]
 [ 0.13471639  0.00000000  0.01433001 -0.00000000 -0.00478208  0.05263209
  -0.00858386 -0.00658576  0.00258837 -0.00111288 -0.00492933  0.01003756]
 [-0.00000000  0.07209141  0.00000000  0.01300506  0.00000000  0.00000000
  -0.00982070 -0.00671361  0.00040245  0.02085233  0.02413569  0.00125762]
 [ 0.00000000 -0.03755942 -0.00000000  0.02668832 -0.00000000 -0.00000000
   0.01155188 -0.00049235 -0.00931607 -0.02476669 -0.01798083  0.00038205]
 [-0.00000000  0.07209141  0.00000000  0.01300506  0.00000000  0.00000000
  -0.00982070 -0.00671361  0.00040245  0.02085233  0.02413569  0.00125762]
 [ 0.03981640  0.00000000  0.00773009 -0.00000000 -0.00725584 -0.05365059
   0.00000127 -0.00000040  0.00000321 -0.00000239  0.00000244 -0.00000053]]

	Optical Rotation Tensor Derivatives in Normal Coord.
[[ 0.00061043  0.00000000 -0.00071801  0.00000000  0.00030061  0.00005617
  -0.00026795 -0.00010284 -0.00018788  0.00015629 -0.00028213  0.00024174]
 [ 0.00296928 -0.00000000 -0.00118870  0.00000000 -0.00050712 -0.00271906
   0.00006951  0.00039122 -0.00090456  0.00063725 -0.00038187 -0.00031671]
 [ 0.00000000 -0.00318333 -0.00000000  0.00082813 -0.00000000 -0.00000000
   0.00032378 -0.00007072  0.00002291  0.00122895  0.00119649  0.00094841]
 [-0.00112173 -0.00000000  0.00049060 -0.00000000 -0.00012443  0.00018272
   0.00037748  0.00007564  0.00044571 -0.00034889  0.00048386 -0.00029233]
 [-0.00600437 -0.00000000 -0.00039305  0.00000000 -0.00034382  0.00170539
   0.00026739  0.00010277  0.00018709 -0.00015568  0.00028135 -0.00024135]
 [-0.00000000  0.00732049  0.00000000  0.00134311  0.00000000 -0.00000000
   0.00002414  0.00117529  0.00028937 -0.00167801 -0.00193115 -0.00041726]
 [-0.00000000  0.00144183 -0.00000000 -0.00147431  0.00000000  0.00000000
  -0.00013225  0.00011888  0.00024763  0.00006221 -0.00021936 -0.00019978]
 [ 0.00000000 -0.00261991 -0.00000000 -0.00046783 -0.00000000  0.00000000
   0.00087640  0.00052702  0.00014855 -0.00152331 -0.00208271 -0.00013473]
 [ 0.00431101  0.00000000  0.00129429 -0.00000000  0.00060017 -0.00185950
   0.00000030  0.00000005  0.00000038 -0.00000030  0.00000040 -0.00000022]]

Dipole/Quadrupole Tensor Derivatives in Normal Coord.
[[-0.00000000  0.02992943  0.00000000  0.09240162  0.00000000 -0.00000000
   0.04199960 -0.02845075  0.03249455  0.04667485 -0.02290466  0.00279751]
 [-0.00000000  0.18495366  0.00000000 -0.15947655  0.00000000 -0.00000000
   0.03487446  0.03200276 -0.02062724 -0.04069235 -0.01615082  0.04369711]
 [ 0.12312239  0.00000000 -0.09695073 -0.00000000 -0.00006582 -0.07919598
   0.02743978  0.00518048  0.03323170 -0.02595330  0.03557038 -0.02102813]
 [-0.00000000  0.18495366  0.00000000 -0.15947655  0.00000000 -0.00000000
   0.03487446  0.03200276 -0.02062724 -0.04069235 -0.01615082  0.04369711]
 [ 0.00000000 -0.07840089 -0.00000000 -0.02597643 -0.00000000  0.00000000
  -0.05188999 -0.00889619 -0.01538802  0.02284854  0.06556685 -0.01151142]
 [-0.12860740 -0.00000000  0.04841469 -0.00000000  0.00805892  0.04634090
  -0.00435905  0.00158768 -0.01158306  0.00860502 -0.00865986  0.00166092]
 [ 0.12312239  0.00000000 -0.09695073 -0.00000000 -0.00006582 -0.07919598
   0.02743978  0.00518048  0.03323170 -0.02595330  0.03557038 -0.02102813]
 [-0.12860740 -0.00000000  0.04841469 -0.00000000  0.00805892  0.04634090
  -0.00435905  0.00158768 -0.01158306  0.00860502 -0.00865986  0.00166092]
 [-0.00000000  0.04847230  0.00000000 -0.06642594 -0.00000000  0.00000000
   0.00989016  0.03734686 -0.01710678 -0.06952350 -0.04266185  0.00871389]
 [ 0.00000000 -0.04982159 -0.00000000 -0.18534508 -0.00000000  0.00000000
  -0.01198938 -0.01511948 -0.03435970 -0.03794369  0.00942928 -0.01088907]
 [ 0.00000000 -0.34651387 -0.00000000  0.05407386 -0.00000000  0.00000000
  -0.02866534 -0.06605515 -0.00383989  0.09522302  0.10076656 -0.00682040]
 [-0.22131667 -0.00000000  0.04155189  0.00000000  0.02085896  0.09478693
  -0.00436108  0.00158727 -0.01158545  0.00860688 -0.00866246  0.00166249]
 [ 0.00000000 -0.34651387 -0.00000000  0.05407386 -0.00000000  0.00000000
  -0.02866534 -0.06605515 -0.00383989  0.09522302  0.10076656 -0.00682040]
 [-0.00000000  0.12309154  0.00000000  0.11380192  0.00000000 -0.00000000
   0.05672305  0.04904171  0.01902459 -0.05183095 -0.09171703  0.02499132]
 [ 0.19706288  0.00000000  0.02169422 -0.00000000 -0.01300629 -0.03404442
  -0.01336105 -0.01960045  0.02847816 -0.01911576  0.00399829  0.02213794]
 [-0.22131667 -0.00000000  0.04155189  0.00000000  0.02085896  0.09478693
  -0.00436108  0.00158727 -0.01158545  0.00860688 -0.00866246  0.00166249]
 [ 0.19706288  0.00000000  0.02169422 -0.00000000 -0.01300629 -0.03404442
  -0.01336105 -0.01960045  0.02847816 -0.01911576  0.00399829  0.02213794]
 [ 0.00000000 -0.07326991 -0.00000000  0.07154405 -0.00000000  0.00000000
  -0.04473346 -0.03392218  0.01533532  0.08977474  0.08228750 -0.01410221]
 [-0.02821101 -0.00000000 -0.09223685 -0.00000000  0.02474003  0.00334955
   0.02166606  0.01885614 -0.01237353  0.00696148  0.00965394 -0.02689135]
 [-0.18955268 -0.00000000  0.02446387  0.00000000  0.02476885  0.07913714
  -0.00242325 -0.00185624  0.00072301 -0.00030870 -0.00139524  0.00283158]
 [ 0.00000000 -0.12030958 -0.00000000  0.02049929 -0.00000000 -0.00000000
   0.04686923  0.03188164  0.01299293 -0.07985867 -0.11605084 -0.00819647]
 [-0.18955268 -0.00000000  0.02446387  0.00000000  0.02476885  0.07913714
  -0.00242325 -0.00185624  0.00072301 -0.00030870 -0.00139524  0.00283158]
 [ 0.06307956  0.00000000  0.05447057 -0.00000000 -0.01289686  0.03186109
  -0.02415939 -0.01630091  0.00144093  0.00102293 -0.01666334  0.02669378]
 [-0.00000000  0.10629044  0.00000000  0.01251656  0.00000000  0.00000000
  -0.02288695 -0.00729462  0.00858510  0.06190379  0.06229954  0.01088571]
 [ 0.00000000 -0.12030958 -0.00000000  0.02049929 -0.00000000 -0.00000000
   0.04686923  0.03188164  0.01299293 -0.07985867 -0.11605084 -0.00819647]
 [-0.00000000  0.10629044  0.00000000  0.01251656  0.00000000  0.00000000
  -0.02288695 -0.00729462  0.00858510  0.06190379  0.06229954  0.01088571]
 [-0.03486847 -0.00000000  0.03776628  0.00000000 -0.01184322 -0.03521064
   0.00249333 -0.00255523  0.01093259 -0.00798441  0.00700940  0.00019757]]

This stuff only depends on polarizability and dipole moment derivatives.
	Angular frequency (in au): =    0.0856453995
--------------------------------------------------------------------------------------------------------
                              Raman Scattering Parameters
--------------------------------------------------------------------------------------------------------
     Harmonic      IR        Red.     alpha^2   Beta(     |   Raman       Dep.  | Raman        Dep.
       Freq.    Intensity    Mass                alpha)^2 |    Act.      Ratio  |  Act.       Ratio
      (cm-1)    (km/mol)     (amu)                        |      (linear)       |    (circular)  
--------------------------------------------------------------------------------------------------------
  1   3781.08    0.5260     1.0702     0.7808     3.4728    49.0257     0.2125    59.4442     0.3505
  2   3778.42    2.3654     1.0675     0.0000     2.8337    11.3346     0.7500    19.8356     0.8571
  3   1416.58    0.0036     1.0884     0.0279     1.8176     8.5277     0.6394    13.9804     0.7800
  4   1273.37    4.6860     1.0975     0.0000     0.3780     1.5119     0.7500     2.6458     0.8571
  5    869.21    0.0548    13.8236     0.0821     0.4335     5.4294     0.2395     6.7299     0.3865
  6    328.67    8.3361     1.0824     0.0001     1.2773     5.1133     0.7494     8.9453     0.8568
  7      0.00    0.1897     4.3370     0.0000     0.1440     0.5759     0.7500     1.0079     0.8571
  8      0.00    0.3464     6.0567     0.0000     0.0461     0.1846     0.7500     0.3230     0.8571
  9      0.00    0.1810     8.1942     0.0000     0.0414     0.1656     0.7500     0.2899     0.8571
 10     0.00i    0.8470     2.1923    0.0000      0.4503     1.8011     0.7500     3.1519     0.8571
 11     0.00i    1.8054     1.9331    0.0000      0.4034     1.6137     0.7500     2.8240     0.8571
 12     0.00i    0.0151     7.1417    0.0000      0.0628     0.2512     0.7500     0.4397     0.8571
--------------------------------------------------------------------------------------------------------
----------------------------------------------------------------------
               ROA Scattering Invariants
----------------------------------------------------------------------
       Frequency    alpha*G    Beta(G)^2   Beta(A)^2    phi    psi
----------------------------------------------------------------------
    1   3781.078   -27.8283   -1037.4494   -212.3230   130.4    96.5
    2   3778.418     0.0000     632.5652    227.2336    65.6    84.1
    3   1416.585    -0.8908      29.7966   -122.5928    84.1   130.0
    4   1273.370    -0.0000      -9.1729    105.2012    93.6    65.4
    5    869.210    -4.6417      -5.0535      3.8246    94.8    87.6
    6    328.669    -0.0270     345.4866    186.4881    39.6    63.6
    7      0.000    -0.0000     -13.6025      6.6623   108.0    85.2
    8      0.000    -0.0000     -16.8607    -11.9107   122.6   103.1
    9      0.000    -0.0000      -0.9231     -3.9284    92.2    95.5
   10      0.000i   -0.0000    -153.6094   -103.5279   142.8   125.0
   11      0.000i   -0.0000    -182.8989   -116.5446   148.1   129.7
   12      0.000i   -0.0000      -1.9095      3.4264    93.4    85.9
---------------------------------------------------------------------
----------------------------------------------------------------------
         ROA Difference Parameter R-L (Angstrom^4/amu * 1000)
----------------------------------------------------------------------
     Harmonic Freq.  Delta_z      Delta_x       Delta        Delta 
       (cm^-1)         (90)         (90)          (0)        (180)  
----------------------------------------------------------------------
    1    3781.08    -23.2002     -34.9070     -33.2384    -106.3895
    2    3778.42     13.3637      18.6208       6.4853      67.9977
    3    1416.58      1.6959       0.1836       1.7969      -1.0625
    4    1273.37     -1.0618       0.1640      -1.8300       2.4858
    5     869.21     -0.1519      -0.9617      -3.4841      -0.3627
    6     328.67      6.7998      10.4147       2.5246      39.1343
    7       0.00     -0.3798      -0.3542      -0.3242      -1.0926
    8       0.00     -0.3094      -0.5197      -0.0792      -1.9998
    9       0.00      0.0093      -0.0416       0.0481      -0.2143
   10       0.00i    -2.8584      -4.7152      -0.8013     -18.0594
   11       0.00i    -3.4572      -5.5873      -1.0617     -21.2877
   12       0.00i    -0.0732      -0.0398      -0.0854      -0.0737
----------------------------------------------------------------------
-----------------------------------------------------
              ROA Normal Mode Decomposition          
  Mode: 1       Harmonic Freq.:   3781.078              
-----------------------------------------------------
 Atom Pair     alpha*G        Beta(G)^2    Beta(A)^2 
-----------------------------------------------------
( 0, 0):       -0.00756        0.00815       -0.02602
( 1, 0):       -0.01513       -1.90097       -1.19965
( 1, 1):       -0.00756        0.00815       -0.02602
( 2, 0):       -0.44590       -8.45525        1.08383
( 2, 1):       -0.44590      -50.38352      -23.64474
( 2, 2):       -6.50362      -92.72162        2.74202
( 3, 0):       -0.44590      -50.38352      -23.64474
( 3, 1):       -0.44590       -8.45525        1.08383
( 3, 2):      -13.00723     -732.44396     -171.43350
( 3, 3):       -6.50362      -92.72162        2.74202
-----------------------------------------------------
Totals        -27.82832    -1037.44939     -212.32295
-----------------------------------------------------

Top contributors
-----------------------------------------------------
 Atom Pair     alpha*G        Beta(G)^2    Beta(A)^2 
-----------------------------------------------------
( 3, 2):      -13.00723
( 2, 2):       -6.50362
( 3, 3):       -6.50362
( 3, 2):                    -732.44396
( 3, 2):                                   -171.43350
-----------------------------------------------------
-----------------------------------------------------
              ROA Normal Mode Decomposition          
  Mode: 2       Harmonic Freq.:   3778.418              
-----------------------------------------------------
 Atom Pair     alpha*G        Beta(G)^2    Beta(A)^2 
-----------------------------------------------------
( 0, 0):       -0.01054        0.02408       -0.02093
( 1, 0):        0.02109        1.77904        1.15147
( 1, 1):       -0.01054        0.02408       -0.02093
( 2, 0):       -0.52522       -7.41613        1.03162
( 2, 1):        0.52522       49.39876       23.94519
( 2, 2):       -6.52592      -93.04593        2.63056
( 3, 0):        0.52522       49.39876       23.94519
( 3, 1):       -0.52522       -7.41613        1.03162
( 3, 2):       13.05184      732.86463      170.90921
( 3, 3):       -6.52592      -93.04593        2.63056
-----------------------------------------------------
Totals         -0.00000      632.56525      227.23358
-----------------------------------------------------

Top contributors
-----------------------------------------------------
 Atom Pair     alpha*G        Beta(G)^2    Beta(A)^2 
-----------------------------------------------------
( 3, 2):       13.05184
( 2, 2):       -6.52592
( 3, 3):       -6.52592
( 3, 2):                     732.86463
( 3, 2):                                    170.90921
-----------------------------------------------------
